61
88
53
62
84
97
50
23
24
63
3
18
34
35
89
55
53
55
90
13
44 23 34 28 50 12 38 2 16 92
90 28 8 86 56 99 25 7 4 50
8 65 26 47 48 61 80 14 31 97
45 94 79 34 71 53 62 83 21 47
72 54 91 74 8 29 68 77 16 99
88 30 72 65 76 21 13 49 79 74
24 78 63 74 6 61 45 58 47 91
57 23 85 66 39 13 65 58 84 51
86 46 92 39 57 74 78 42 9 61
61 59 92 57 33 88 13 87 51 38
52 18 74 87 29 67 8 80 35 16
75 81 40 98 70 83 98 82 30 60
41 6 71 68 47 65 84 19 74 20
68 68 63 87 47 2 15 77 75 56
36 70 31 58 84 22 64 32 15 83
30 19 63 5 18 28 50 38 47 24
53 2 21 35 74 80 64 71 39 19
89 95 30 61 4 8 8 13 12 45
27 27 41 21 52 5 86 66 63 74
87 44 89 21 61 94 84 27 25 55
86 47 75 20 13 36 69 75 30 76
90 27 25 54 77 34 48 51 81 82
97 27 1 46 20 100 15 27 76 56
20 34 54 37 33 28 72 58 97 35
61 53 19 68 2 67 10 25 45 10
100 73 53 79 41 27 16 15 55 84
89 68 6 82 42 19 41 60 58 86
50 21 4 62 15 73 33 62 1 74
45 22 0 52 49 28 13 19 85 73
59 58 32 43 37 69 46 64 75 43
27 36 32 85 34 60 25 56 66 38
42 25 81 77 2 39 36 61 3 23
58 53 1 25 56 27 35 96 100 48
89 71 60 74 27 100 39 1 10 31
28 17 98 59 91 6 11 30 31 47
84 34 92 31 29 51 90 62 14 81
78 32 13 77 70 22 35 9 72 72
97 71 68 14 68 98 61 6 62 45
17 55 52 49 15 35 58 53 38 53
81 26 99 86 22 27 33 25 96 62
15 49 81 85 63 99 41 96 20 94
97 80 52 28 14 66 56 64 33 72
44 13 58 7 12 64 50 75 67 90
asda
asda
asda
9 42 37 92 19 19 45 55 24 71
